-0.91388933
-1.3699792
-1.2999485
-1.1206902
-1.1448308
-1.3699792
-1.1440526
-1.3699792
-1.132241
-1.0846453
-1.1872495
-1.1140455
-1.1140455
-1.0660294
-1.0207157
-1.1140455
-1.2881537
-1.1159705
-1.1381771
-1.2881537
-1.0660294
-1.1159705
-1.1159705
-1.2881537
-1.1403851
-1.1952905
-1.1903726
-0.88723297
-1.0725384
-1.2129565
-1.2881537
-1.1159705
-1.1306269
-1.2881537
-1.0209866
-1.2881537
-1.1640546
-1.0660294
-1.2881537
-1.0846453
-1.1206902
-0.97439495
-1.1140455
-1.1159705
-1.0874953
-1.2881537
-1.1684055
-1.2881537
-1.1159705
-1.2881537
-1.0056898
-1.1159705
-1.2881537
-1.2881537
-1.2881537
-1.2881537
-1.1140455
-0.9391872
-1.2756318
-0.91668589
-1.1140455
-1.105383
-1.2881537
-1.1175284
-1.2499711
-1.31272
-1.2881537
-1.1140455
-1.2881537
-0.98133396
-1.2592361
-1.1650191
-1.2881537
-1.0660294
-1.0684996
-1.3763591
-1.2881537
-1.0922126
-1.1701459
-1.2881537
-0.935807
-0.92317886
-1.2881537
-1.2881537
-1.3195058
-1.2881537
-1.0823016
-1.1159705
-1.3682247
-1.1979091
-1.2881537
-1.0874953
-1.1979091
-1.2881537
-1.0935704
-1.1140455
-1.0309432
-1.1140455
-1.2809064
-1.0226676
-1.1140455
-1.2881537
-1.0922126
-0.89569386
-1.0871382
-1.3702733
-0.90333223
-1.0660294
-1.315933
-1.0700482
-1.0028506
-1.1159705
-1.0701566
-1.1979091
-1.0846453
-1.0922126
-1.0529441
-1.0309432
-1.0660294
-1.1140455
-1.2881537
-1.2881537
-1.1309082
-1.1140455
-1.1979091
-0.96722628
-1.0660294
-1.1140455
-1.0846453
-1.1159705
-1.2766847
-1.0846453
-1.1140455
-0.90385337
-1.1140455
-1.2881537
-1.1159705
-1.0003917
-1.1205279
-1.1159705
-1.0846453
-1.0660294
-1.1205279
-1.3062263
-1.2881537
-1.2881537
-1.2881537
-0.89488941
-1.09754
-0.53407739
-1.0432822
-0.95952641
-1.3568155
-1.2407514
-1.0116725
-0.78317953
-0.82696767
-0.97143074
-0.98381138
-1.0062084
-1.1554753
-1.050064
-0.82304196
-1.1047733
-1.2169316
-0.85935599
-1.0596492
-1.1933396
-0.95286924
-0.92263638
-1.3947598
-0.9298048
-0.88512891
-1.0931683
-1.0174381
-1.3907259
-0.96002117
-1.036272
-1.0258724
-1.1253454
-0.82571039
-1.3663708
-1.0054323
-0.87480097
-0.98384937
-0.87357585
-1.0643794
-1.046565
-0.92856442
-1.2480855
-1.0140365
-1.1951083
-1.3728596
-1.2181063
-0.95961442
-1.0544291
-1.0855001
-0.95952641
-1.0902195
-1.1091597
-0.93118396
-1.1431586
-0.98920107
-1.0219334
-0.8582257
-1.021132
-0.96101993
-0.96458874
-0.99148294
-1.0031884
-1.2538082
-1.2169316
-1.0671294
-1.2833288
-0.71058188
-1.0360592
-0.94212567
-1.0725476
-1.0496132
-0.9609079
-0.98786386
-0.97967407
-1.2121873
-1.1074807
-1.0014821
-0.90632253
-1.1000383
-0.82977085
-1.2276672
-1.0870562
-0.94537174
-1.0361934
-1.1679415
-1.1330633
-1.0877936
-0.82510461
-0.94262419
-0.25519781
-1.2144064
-0.64813137
-0.84454994
-1.2866672
-0.85848652
-1.2550023
-1.1937495
-1.2621303
-1.0614529
-1.4521784
-1.0640452
-1.5915339
-0.61650627
-1.0460544
-1.0363435
-1.1215352
-1.1050839
-1.158246
-0.89854361
-0.93887129
-1.4353127
-1.3049304
-1.0793539
-1.4153147
-1.5458911
-1.1677935
-1.0398251
-1.2971491
-1.0162053
-1.2014641
-1.5137407
-1.2451235
-1.403583
-1.0599974
-1.112596
-1.1972507
-1.4436493
-1.0465577
-1.3687944
-1.0766732
-1.1877288
-0.98242766
-1.0730093
-1.0675625
-1.183257
-1.0484197
-1.0736277
-1.1895885
-1.0690943
-1.313744
-1.4132661
-1.4776548
-1.0533796
-1.118484
-1.3408174
-1.3832889
-1.0286047
-1.1856915
-0.84642319
-1.2178302
-1.501387
-1.1592818
-1.4979929
-1.2076263
-0.92896829
-1.2161738
-1.0763736
-1.0576637
-1.1316384
-1.1368611
-0.86183138
-0.89176017
-1.1198648
-1.057453
-1.0100058
-1.0410763
-0.97656254
-1.1326007
-1.0779847
-1.0082641
-0.77853999
-1.0191413
-1.1417902
-1.0038334
-1.3480867
-1.0120743
-1.2218809
-1.012762
-1.1326007
-1.0410763
-1.0281233
-1.08568
-0.97656254
-1.0237545
-1.0154284
-1.0766965
-0.98069094
-0.25505726
-1.0268687
-1.366622
-1.0778945
-0.86435065
-1.0410763
-1.265206
-0.83190693
-1.421275
-1.062627
-1.0055376
-1.3805283
-0.96149167
-1.2125002
-0.49628216
-0.90718962
-1.4245837
-0.8756108
-1.1591938
-1.1264072
-0.97656254
-0.8740703
-1.3909057
-1.1398175
-1.0410763
-1.0627825
-0.97656254
-1.0329692
-0.97250467
-1.0675462
-1.0541954
-0.66479228
-0.9893236
-0.98664537
-1.3399698
-0.92344432
-1.434806
-1.0907975
-0.97656254
-0.99949822
-1.08568
-1.0922369
-1.0231167
-0.96775977
-0.50598843
-0.70725682
-0.98270771
-0.72363281
-0.939091
-1.0797949
-1.1399972
-1.2188392
1.0341844
0.87404793
1.1189004
-0.11704376
0.88315591
-0.26483466
0.32449315
-0.28148104
-0.74841771
0.62210304
0.98222384
0.81075226
1.4136863
2.0415596
1.3128698
1.5378646
0.95203887
-0.67758283
0.013339184
-0.0016859589
1.1333561
0.75872763
0.75452668
1.1812901
0.022971279
1.1860327
-0.63577998
0.26125724
0.13244758
-0.77934448
1.0719875
-0.87718747
1.0544527
-0.27791108
1.2488893
-0.88358694
-0.8127104
0.88371417
-0.44898344
-0.26053707
1.2487732
1.3484749
1.0773669
1.1512246
0.74290286
0.32033384
0.89613357
1.1032262
0.93412431
-0.65236477
-0.08880211
0.97675295
-0.58662378
-0.31637134
0.86893341
1.1084155
0.72350576
0.58498978
0.020313172
0.21773088
1.0549879
1.4614277
-0.8785158
-1.0040456
1.575288
-0.033407596
-0.010812467
0.99399506
-0.27735761
0.37571191
0.91728845
-0.57764003
1.2623458
0.91423369
1.6169982
1.0785667
-0.15285661
-0.22957418
1.134354
0.71860704
-0.59830812
-0.61885007
1.346181
-0.29631903
0.001541911
0.41176428
-0.46173508
-0.76286907
-0.95247309
0.47607103
-0.71910881
-0.66768245
0.8162545
0.042512284
1.1405574
-0.30531744
-0.73254351
0.082165907
0.83711402
1.4758893
0.73122643
1.1812901
1.1758569
0.8729545
1.201414
1.0910037
1.2663264
-0.74312027
0.020313172
0.8305809
0.73066881
0.91546604
0.79140818
